v5/current-wind-surface-level-gfs-1.0.json
{"header": { "discipline":0, "disciplineName":"Meteorological products", "gribEdition":2, "gribLength":79360, "center":7, "centerName":"US National Weather Service - NCEP(WMC)", "subcenter":0, "refTime":"2024-10-21T18:00:00.000Z", "significanceOfRT":1, "significanceOfRTName":"Start of forecast", "productStatus":0, "productStatusName":"Operational products", "productType":1, "productTypeName":"Forecast products", "productDefinitionTemplate":0, "productDefinitionTemplateName":"Analysis/forecast at horizontal level/layer at a point in time", "parameterCategory":2, "parameterCategoryName":"Momentum", "parameterNumber":3, "parameterNumberName":"V-component_of_wind", "parameterUnit":"m.s-1", "genProcessType":2, "genProcessTypeName":"Forecast", "forecastTime":0, "surface1Type":103, "surface1TypeName":"Specified height level above ground", "surface1Value":10.0, "surface2Type":255, "surface2TypeName":"Missing", "surface2Value":0.0, "gridDefinitionTemplate":0, "gridDefinitionTemplateName":"Latitude_Longitude", "numberPoints":65160, "shape":6, "shapeName":"Earth spherical with radius of 6,371,229.0 m", "gridUnits":"degrees", "resolution":48, "winds":"true", "scanMode":0, "nx":360, "ny":181, "basicAngle":0, "lo1":0.0, "la1":90.0, "lo2":359.0, "la2":-90.0, "dx":1.0, "dy":1.0 }, "data":
[rows 26 to 51 of 181, columns 177 to 235 of 360]
5.3249464,6.184946,6.754946,6.144946,8.914947,13.114946,15.054946,15.084947,15.784946,15.784946,15.124947,15.294947,14.9949465,15.154946,15.654946,14.974946,13.374947,12.284946,11.144946,9.674946,10.124947,11.664947,10.7449465,5.9849463,3.8849463,5.314946,3.1749463,6.2049465,5.3849463,6.4649463,5.7049465,4.8049464,3.5349462,4.7049465,6.624946,10.4549465,2.1949463,0.36494628,0.29494628,1.0449463,1.5749463,1.0949463,1.6749463,0.29494628,0.3549463,0.6249463,2.4549463,1.3449463,2.3549464,1.4549463,1.4249463,1.9649463,1.7649463,1.8049463,1.8349463,1.6849463,1.3249463,1.8049463,1.9449463
2.3849463,5.2249465,4.7049465,6.164946,12.844946,15.024946,15.314946,16.064947,15.574946,14.734946,14.604946,13.834947,13.524946,14.234946,14.804946,13.874947,12.2449465,11.384946,10.534946,9.424946,10.444946,8.824946,5.7349463,4.8649464,1.0749463,11.474946,5.914946,4.684946,6.5549464,6.1749463,2.7149463,8.214947,2.6549463,0.15494628,2.5249462,0.8749463,-0.7550537,-0.4750537,-1.9550537,1.7949463,2.4849463,1.2649463,1.0749463,1.1149462,0.9349463,1.1149462,1.6449463,1.6949463,1.1749463,0.97494626,0.7549463,0.9349463,1.3349463,1.3249463,1.6249462,2.2049463,0.6649463,0.7449463,0.26494628
-1.3350537,0.8849463,8.124947,10.084947,11.174946,13.764946,14.444946,14.294947,14.854946,13.884946,12.634946,12.214947,12.544947,12.684946,13.724946,11.684946,10.714947,10.544947,8.934946,8.9549465,8.864946,6.7249465,4.9949465,5.2849464,6.624946,4.414946,8.344946,7.7249465,7.6549463,3.9149463,0.18494628,-0.84505373,-1.0850537,-0.9250537,2.8049462,1.3649462,-0.06505371,-0.2150537,2.1749463,0.5449463,5.544946,3.4349463,1.7949463,2.2949462,1.5549463,0.2549463,1.7349463,1.9749463,0.6049463,2.4549463,0.84494627,0.5149463,1.3649462,0.6349463,0.3749463,-0.22505371,-1.3550537,0.7349463,2.0449462
4.1149464,5.144946,8.724946,10.794947,11.904946,12.904946,13.154946,12.504947,13.154946,12.634946,12.044947,12.024946,11.914947,12.134946,11.634946,11.684946,10.264946,10.134946,10.024946,9.934946,9.524946,8.834947,8.054946,7.374946,4.1149464,3.1949463,5.2349463,6.414946,5.3049464,1.1749463,2.7349463,-1.8350537,3.3949463,2.9149463,1.0749463,-1.3250537,-1.8750538,0.5749463,0.7949463,0.4149463,1.3749462,2.0949464,0.2349463,0.11494629,2.5849464,1.1849463,1.9449463,2.0749464,2.5049462,1.2549462,0.6449463,0.8649463,-0.025053712,-0.5750537,-1.2350537,-0.5450537,0.39494628,1.4049463,0.45494628
4.0949464,6.794946,9.9549465,11.464947,12.604946,11.834947,11.404946,11.2449465,10.984946,11.144946,11.004947,11.404946,12.264946,11.884946,10.694946,10.304946,9.514946,9.024946,9.9549465,7.7049465,7.394946,8.914947,6.794946,4.814946,2.3449464,7.3849463,6.3449464,2.7949462,2.0449462,1.7249463,0.11494629,12.114946,6.0749464,1.3249463,-1.8550537,-1.6650537,1.6049463,0.4149463,0.4449463,-0.8150537,-1.4350537,-0.6350537,-1.8550537,-2.7250538,-2.0450537,-0.3650537,1.4249463,1.3949463,0.7549463,0.014946289,-0.03505371,0.6149463,0.7549463,0.8249463,-0.6150537,0.5249463,1.0649463,1.3349463,-1.7050537
5.9449463,7.7249465,7.7449465,9.274946,10.944946,10.814946,10.004947,9.674946,9.864946,10.064946,10.844946,11.214947,10.894946,10.364946,9.934946,9.304946,9.184946,8.524946,6.5749464,5.8849463,8.034946,8.824946,4.2149463,6.4649463,6.2049465,7.914946,8.024946,7.4049463,3.2249463,1.5049462,3.0649462,6.1749463,1.6549463,-0.14505371,-0.9550537,-0.2850537,1.6449463,3.4349463,2.5049462,0.3149463,-0.6850537,-1.2250537,-0.8350537,-2.1450536,-2.6750536,0.03494629,-2.0050538,-1.0650537,-2.0150537,-0.2850537,0.104946285,0.42494628,0.3049463,1.0549463,1.7649463,1.1849463,1.9649463,1.0149463,1.4249463
3.3549464,4.8849463,6.6549463,8.524946,8.924946,8.474946,9.214947,8.944946,9.514946,10.464947,11.2449465,10.794947,9.614946,9.174946,8.474946,8.4949465,7.624946,6.044946,5.4549465,5.1749463,8.484946,9.134946,9.364946,9.014946,7.854946,7.2649465,4.684946,1.4949462,2.0649462,6.0349464,0.11494629,2.7149463,4.6549463,5.184946,4.7649465,3.2349463,2.3249464,1.6349463,0.2549463,0.7049463,-0.075053714,-1.3550537,-1.8350537,-2.0850537,-2.6450536,-4.2750535,-3.0050538,-0.32505372,-2.3250537,-3.7950537,-0.03505371,-0.48505372,-0.29505372,-0.3750537,-0.16505371,-0.17505372,0.3749463,-1.1050537,0.24494629
5.7249465,4.4949465,4.7249465,5.8449464,6.4849463,7.874946,9.164947,9.854946,10.034946,10.054946,9.904946,8.964947,8.2049465,7.874946,8.014946,6.4049463,5.414946,3.6849463,5.4749465,8.714947,9.574946,10.044947,9.774946,6.834946,5.004946,3.5349462,0.9949463,5.6149464,4.164946,-0.23505372,5.124946,4.4249463,3.9349463,4.9249463,4.894946,4.414946,2.2649462,-1.3950537,-2.9450538,-0.6950537,-0.5550537,-0.7350537,-2.0450537,-3.3150537,-3.7550538,-4.7350535,-6.1550536,-3.8850536,-0.7550537,-1.9650537,-0.90505373,-3.7750537,-2.6150537,-1.4150537,-2.0350537,-1.6550537,-1.2150537,-0.9850537,-0.71505374
2.5049462,4.274946,4.6949463,5.414946,6.7649465,8.794947,9.534946,9.124947,8.864946,9.054946,7.9849463,7.0949464,6.2349463,7.8849463,6.0949464,3.5849464,1.7949463,7.0549464,9.404946,9.974946,7.894946,5.0949464,6.8249464,5.354946,0.8949463,6.684946,6.1149464,5.394946,4.394946,3.6549463,3.2949462,3.0549462,2.9849463,2.0749464,1.3449463,0.9849463,0.5649463,-3.1950538,-5.3650537,-4.105054,-1.1150537,-0.5450537,-1.6050537,-3.0350537,-4.3650537,-5.3650537,-7.4450536,-6.7750535,-4.185054,-5.9050536,-2.0350537,-1.5950537,-3.1450536,-2.0350537,-1.2750537,-2.0550537,-1.6050537,-1.1850537,-0.5450537
3.8349464,4.4749465,4.664946,6.354946,7.2249465,8.044947,7.8849463,7.7249465,7.8049464,6.9749465,6.1549463,4.7649465,5.2849464,4.854946,1.6649463,3.5949464,8.694946,9.384946,7.6549463,1.8449463,7.1549463,8.2449465,8.084947,7.334946,6.9249463,5.6149464,4.524946,4.5349464,5.144946,4.354946,3.0949464,1.6249462,0.90494627,-0.17505372,-0.8850537,-3.0950537,-1.6850537,-2.6350536,-5.2950535,-5.475054,-3.3150537,-0.45505372,-2.7250538,-3.8850536,-4.8650537,-6.915054,-8.535053,-8.475054,-5.6350536,-7.5350537,-1.5050538,-3.1550536,-2.9850538,-1.5350537,-1.4450537,-0.8350537,-0.05505371,-0.3050537,-0.015053711
3.3749464,3.7049463,4.7349463,6.334946,6.6149464,6.604946,6.624946,6.564946,6.6749463,5.374946,3.4649463,3.7349463,3.7349463,2.5049462,1.3149463,9.464947,10.584947,8.844946,10.914947,10.524946,11.4949465,9.894946,8.824946,8.274946,7.0749464,5.7649465,4.8449464,4.2049465,3.3749464,2.5449462,1.1849463,-0.03505371,-0.3750537,-1.4150537,-2.4250536,-3.1050537,-4.145054,-3.9150536,-4.3650537,-4.0550537,-4.5450535,-1.2550538,-3.3350537,-4.955054,-6.2750535,-7.995054,-8.7950535,-8.955053,-6.975054,-7.1750536,-2.2250538,-3.0150537,-6.1950536,-0.65505373,-1.1850537,-0.11505371,-0.6750537,-0.3650537,-0.2550537
3.8949463,4.334946,5.5149465,6.2649465,6.414946,5.644946,5.7149463,5.6749463,4.4749465,2.8749464,2.2249463,1.1549463,-0.52505374,-1.1250538,7.7849464,10.014946,10.584947,11.144946,11.044947,11.324946,9.754947,9.154946,8.134946,7.0749464,5.5749464,4.4049463,2.9849463,2.0149462,1.1949463,0.21494628,-0.6350537,-1.8650537,-1.2850537,-2.3750536,-3.0850537,-3.8650537,-4.705054,-3.4550538,-4.8250537,-3.0050538,-6.0050535,-3.4650538,-5.3650537,-6.645054,-7.335054,-8.515054,-8.825054,-9.615054,-6.8850536,-6.6150537,-7.2750535,-1.5650537,-8.265054,-3.0550537,-0.84505373,-1.5950537,-1.2950537,-2.0150537,-0.65505373
3.1449463,3.6349463,4.0949464,4.814946,5.1949463,6.664946,3.4949462,2.4449463,1.5849463,-0.6950537,1.2149463,-2.8750536,0.8749463,7.144946,10.544947,11.094946,11.734946,11.424946,10.614946,10.034946,8.574946,7.3449464,6.394946,5.4249463,4.0549464,2.6449463,1.2149463,0.84494627,0.21494628,-0.7650537,-1.7850537,-3.8350537,-4.355054,-4.705054,-4.205054,-5.2150536,-5.7950535,-5.9650536,-3.0250537,-5.0450535,-4.9250536,-5.415054,-5.975054,-7.5350537,-7.895054,-7.855054,-9.7950535,-9.155054,-8.275054,-7.375054,-7.7950535,-3.3450537,-5.1950536,-6.415054,-2.0650537,-0.7950537,-0.26505372,-0.8750537,-0.6350537
3.0649462,2.8349464,2.6949463,2.5949464,2.7849462,2.1749463,1.7349463,0.11494629,0.7649463,-0.3650537,-2.1250536,-2.5750537,4.9449463,10.9949465,11.774946,11.354946,10.694946,10.354946,9.284946,8.444946,6.8449464,5.584946,4.1549463,3.6249464,2.1349463,0.6649463,-0.38505372,-1.2050537,-1.1750537,-2.0950537,-3.7150538,-3.5750537,-4.605054,-5.5250535,-5.685054,-5.9250536,-5.975054,-6.105054,-6.7150536,-7.475054,-6.0550537,-6.955054,-7.8650537,-9.335053,-8.155054,-8.775054,-8.555054,-9.955053,-8.2950535,-7.455054,-7.2750535,-6.315054,-4.9250536,-6.665054,-4.8050537,-0.9250537,0.09494629,-0.7950537,-0.8650537
1.6749463,1.7349463,1.7749463,1.7249463,0.22494629,-0.9950537,-1.1550537,-0.6450537,-2.0350537,-4.3850536,-6.3650537,6.4249463,10.894946,12.064946,10.364946,10.104946,9.4549465,8.824946,7.854946,6.064946,3.8849463,2.8949463,2.4649463,2.3549464,0.5849463,0.16494629,-0.23505372,-2.3850536,-2.4650538,-3.1750536,-3.7150538,-4.6150537,-5.3650537,-5.8450537,-6.0450535,-6.7550535,-6.6950536,-7.395054,-7.0950537,-6.245054,-6.4250536,-7.995054,-8.575054,-7.6350536,-8.635054,-8.925054,-9.175054,-8.775054,-7.895054,-6.585054,-8.525054,-8.635054,-3.8550537,-5.4650536,-6.895054,-6.315054,-1.0050538,-0.38505372,-1.5850537
-0.29505372,0.26494628,-0.6850537,-1.5350537,-2.4050536,-0.7650537,-2.4550538,-3.8950536,-5.645054,-7.815054,7.7849464,10.374947,10.694946,9.714947,10.004947,9.314946,8.124947,7.3849463,4.854946,4.2349463,2.9449463,1.7149463,0.4349463,-0.8150537,-1.2750537,-2.1950538,-1.5150537,-2.6250536,-3.0850537,-3.2850537,-4.705054,-5.9050536,-5.6350536,-6.0050535,-6.2850537,-7.395054,-7.665054,-7.585054,-7.2950535,-6.8850536,-7.315054,-8.125053,-8.445054,-8.885054,-7.3850536,-7.7350535,-7.745054,-7.125054,-6.2550535,-7.495054,-8.885054,-7.895054,-5.6950536,-5.5750537,-6.7750535,-6.7850537,-4.475054,1.5549463,-0.6350537
-3.3850536,-4.165054,-4.0350537,-3.7950537,-3.0450537,-4.6150537,-6.3850536,-8.2950535,-1.3350537,7.504946,9.524946,9.414947,8.154946,7.684946,8.464947,7.3049464,5.2349463,4.0749464,4.044946,3.2449462,1.7949463,0.2849463,-0.96505374,-2.7150538,-1.8050537,-2.3050537,-2.6150537,-3.3850536,-4.435054,-4.3050537,-5.085054,-6.1150537,-6.375054,-7.085054,-7.4650536,-7.685054,-7.455054,-7.1350536,-7.585054,-7.6150537,-8.605054,-7.8450537,-9.765054,-8.395054,-8.905054,-7.9850535,-7.205054,-7.245054,-6.1950536,-7.475054,-7.3450537,-6.835054,-5.4250536,-8.055054,-6.685054,-5.375054,-5.0950537,-1.3450537,0.5649463
-6.2650537,-6.0950537,-6.5150537,-5.7650537,-7.1150537,-8.665053,-8.655054,5.2149463,6.4849463,8.084947,7.874946,6.7149463,5.394946,5.9449463,4.2449465,4.144946,4.0749464,3.4649463,3.3149462,2.3449464,1.3949463,-0.3950537,-2.6150537,-2.2250538,-3.1750536,-2.6650536,-3.8650537,-4.2750535,-5.0750537,-5.3850536,-6.3050537,-6.475054,-6.7150536,-7.105054,-7.565054,-8.2550535,-7.9850535,-7.5950537,-7.915054,-7.8850536,-8.535053,-8.575054,-8.695054,-8.355054,-7.5550537,-8.2550535,-8.055054,-6.4650536,-6.705054,-5.1350536,-6.105054,-5.835054,-6.9450536,-6.9250536,-6.5550537,-6.395054,-9.605054,0.71494627,1.6849463
-7.1150537,-7.7750535,-7.915054,-9.935054,-9.645054,-6.5450535,5.044946,5.8249464,6.8449464,5.9849463,4.3649464,3.9949462,3.8949463,2.6349463,2.5549462,2.9249463,2.4649463,2.1849463,1.6949463,1.2449462,-0.06505371,-2.2350538,-2.9750538,-3.2750537,-2.9950538,-3.3350537,-3.7750537,-4.0250535,-4.8450537,-5.685054,-5.705054,-6.435054,-7.4250536,-7.6550536,-7.745054,-7.9650536,-7.8650537,-7.7750535,-8.2550535,-8.415053,-8.5450535,-8.835053,-9.2550535,-8.575054,-8.745053,-7.7550535,-6.3850536,-5.975054,-7.185054,-5.0450535,-5.9250536,-5.2150536,-5.5450535,-5.245054,-5.7950535,-6.185054,-6.165054,-3.9950538,2.6149464
-8.2950535,-9.805054,-10.465054,-7.2550535,1.2149463,4.9849463,5.854946,4.624946,4.0349464,2.9149463,3.2849462,2.4449463,2.0749464,1.3449463,0.7649463,1.8649462,1.7249463,1.6749463,0.84494627,0.06494629,-0.9850537,-2.3550537,-2.7450538,-2.3550537,-3.2650537,-5.0950537,-2.8850536,-4.0750537,-5.1350536,-5.8850536,-6.815054,-7.3050537,-6.875054,-6.3250537,-6.565054,-6.375054,-5.855054,-7.3250537,-7.4850535,-7.245054,-8.185054,-7.8650537,-7.995054,-7.9650536,-7.5750537,-6.7350535,-6.9250536,-6.955054,-5.995054,-6.245054,-4.815054,-4.1550536,-4.5450535,-5.315054,-4.9450536,-4.6350536,-3.7850537,-1.8050537,-0.4650537
-9.5450535,-8.625053,-10.7550535,2.9549463,3.8749464,3.6249464,2.8949463,2.6849463,1.5449463,1.2649463,0.8549463,0.9349463,1.2349463,1.3549463,2.1349463,2.3549464,2.4649463,1.6949463,0.4149463,-0.015053711,-1.2650537,-2.3650537,-2.7950537,-3.3350537,-3.2350538,-5.3050537,-3.6250536,-5.335054,-4.585054,-3.6150537,-4.205054,-4.415054,-6.085054,-6.8650537,-7.2650537,-6.9250536,-7.1150537,-7.0050535,-7.1550536,-7.5050535,-6.4450536,-7.6750536,-7.9250536,-7.8650537,-6.565054,-4.9650536,-5.875054,-4.815054,-5.9050536,-4.6150537,-5.495054,-5.7750535,-4.5550537,-4.745054,-4.9850535,-4.0350537,-2.9450538,-4.105054,-2.3050537
-9.865054,-2.7150538,0.84494627,1.2349463,1.5949463,0.84494627,0.004946289,-0.9450537,-1.2950537,-0.9750537,-0.4050537,-0.35505372,0.5649463,1.6849463,2.2549462,2.1949463,1.9649463,1.7949463,0.3549463,-0.3050537,-0.7350537,-1.7350537,-2.6350536,-3.1850538,-3.7250538,-4.5750537,-4.145054,-4.7150536,-4.145054,-4.565054,-5.8050537,-5.1550536,-6.2650537,-6.6750536,-6.225054,-6.3250537,-7.205054,-6.5550537,-6.335054,-6.565054,-7.315054,-5.5250535,-6.8650537,-6.105054,-6.5050535,-5.6550536,-5.9250536,-4.5050535,-3.6050537,-3.3350537,-5.2350535,-3.9850538,-5.5550537,-4.1750536,-3.7250538,-3.8050537,-3.3550537,-3.1550536,1.0249463
-2.3750536,-1.8850538,0.29494628,-0.6250537,-1.9450537,-1.3950537,-2.0750537,-2.9850538,-2.3150537,-2.1050537,-0.8550537,-0.09505371,1.1149462,1.8049463,1.8849463,2.4049463,1.7749463,1.2549462,0.4649463,-0.6650537,-1.3350537,-1.8950537,-2.7750537,-2.9150536,-3.6850538,-4.9050536,-5.0550537,-4.435054,-3.7050538,-4.0550537,-5.085054,-7.2850537,-6.9250536,-6.8250537,-5.855054,-6.085054,-6.145054,-5.8650537,-5.875054,-6.0750537,-6.855054,-5.6950536,-7.605054,-6.875054,-7.375054,-6.245054,-5.1350536,-4.895054,-5.915054,-4.475054,-3.8750536,-5.2150536,-5.165054,-5.205054,-3.4050536,-3.7050538,-4.935054,-2.0850537,-2.1650536
-2.1350536,-2.2150538,-2.2750537,-3.2250538,-3.5150537,-4.5450535,-5.2150536,-4.435054,-4.205054,-2.3450537,-1.7150537,-1.1350538,-0.8050537,-0.5650537,1.4449463,2.1149464,2.2949462,2.0349462,1.0249463,0.42494628,-1.0050538,-1.5950537,-3.1650536,-3.2650537,-3.8050537,-4.3250537,-4.185054,-4.1750536,-4.7350535,-5.0950537,-5.9650536,-4.435054,-4.955054,-5.665054,-5.5450535,-6.225054,-6.335054,-6.0450535,-6.375054,-6.8050537,-7.8850536,-6.705054,-6.225054,-4.7150536,-5.5450535,-4.4450536,-5.3250537,-3.0650537,-3.4150536,-5.495054,-5.0450535,-5.225054,-5.105054,-5.1150537,-4.835054,-4.9850535,-4.7550535,-5.3850536,-2.5450537
-4.0250535,-4.975054,-4.6350536,-5.6550536,-6.455054,-7.565054,-6.5250535,-6.0150537,-5.0550537,-4.665054,-3.4650538,-1.2750537,0.2749463,0.5649463,0.22494629,0.2849463,2.4349463,2.9749463,2.4949462,0.4049463,-0.1250537,-0.7250537,-1.6150537,-2.9650538,-3.7150538,-4.225054,-4.5750537,-4.915054,-5.315054,-5.205054,-5.1350536,-5.0950537,-5.7150536,-6.2850537,-5.8250537,-7.0750537,-6.0950537,-5.0350537,-5.7950535,-5.7850537,-5.685054,-5.8050537,-6.3850536,-4.7850537,-5.5550537,-4.1750536,-5.0550537,-4.5250535,-4.8650537,-5.9050536,-4.5950537,-4.665054,-6.1750536,-6.0450535,-5.8250537,-4.645054,-7.645054,-8.275054,-4.3650537
-5.6950536,-5.605054,-7.1750536,-7.355054,-8.805054,-8.815054,-9.575054,-8.185054,-7.0250535,-5.8050537,-4.875054,-2.4150536,-0.3750537,0.32494628,1.1649463,1.0149463,1.1349463,1.3149463,-0.075053714,0.33494627,1.0549463,-0.06505371,-1.2350537,-1.9850537,-3.2550538,-4.0250535,-4.4050536,-5.0150537,-5.6950536,-5.8050537,-6.1550536,-4.705054,-5.725054,-5.685054,-6.355054,-6.4250536,-5.975054,-5.3850536,-6.895054,-6.6750536,-5.8050537,-5.725054,-6.165054,-5.4250536,-5.915054,-3.9350538,-3.4550538,-4.7750535,-3.5750537,-5.3250537,-4.585054,-6.5950537,-4.5950537,-6.5050535,-5.0250535,-7.0750537,-6.855054,-5.0450535,-7.5350537
