v5/current-wind-surface-level-gfs-1.0.json
{"header": { "discipline":0, "disciplineName":"Meteorological products", "gribEdition":2, "gribLength":79360, "center":7, "centerName":"US National Weather Service - NCEP(WMC)", "subcenter":0, "refTime":"2024-10-21T18:00:00.000Z", "significanceOfRT":1, "significanceOfRTName":"Start of forecast", "productStatus":0, "productStatusName":"Operational products", "productType":1, "productTypeName":"Forecast products", "productDefinitionTemplate":0, "productDefinitionTemplateName":"Analysis/forecast at horizontal level/layer at a point in time", "parameterCategory":2, "parameterCategoryName":"Momentum", "parameterNumber":3, "parameterNumberName":"V-component_of_wind", "parameterUnit":"m.s-1", "genProcessType":2, "genProcessTypeName":"Forecast", "forecastTime":0, "surface1Type":103, "surface1TypeName":"Specified height level above ground", "surface1Value":10.0, "surface2Type":255, "surface2TypeName":"Missing", "surface2Value":0.0, "gridDefinitionTemplate":0, "gridDefinitionTemplateName":"Latitude_Longitude", "numberPoints":65160, "shape":6, "shapeName":"Earth spherical with radius of 6,371,229.0 m", "gridUnits":"degrees", "resolution":48, "winds":"true", "scanMode":0, "nx":360, "ny":181, "basicAngle":0, "lo1":0.0, "la1":90.0, "lo2":359.0, "la2":-90.0, "dx":1.0, "dy":1.0 }, "data":
[rows 78 to 103 of 181, columns 59 to 117 of 360]
1.7649463,2.2249463,2.4749463,2.0449462,3.0449462,2.7949462,1.6649463,1.3149463,0.6449463,-0.2750537,-0.9450537,-0.03505371,-0.015053711,-0.11505371,-1.3150537,-1.7650537,-2.6250536,-0.06505371,-0.03505371,-1.0150537,0.39494628,1.5349463,0.18494628,-0.04505371,-0.9450537,-1.5050538,-2.1150537,-1.8050537,-2.1550536,-1.8250537,-1.3350537,0.4649463,0.2749463,1.8249463,2.7949462,5.434946,7.334946,8.784946,8.104946,5.414946,-0.5550537,-1.2650537,0.2549463,-1.0950537,-0.29505372,-0.2750537,-2.0250537,-1.0950537,-0.7450537,-0.6250537,-0.7550537,-5.9050536,-2.4350538,-1.6950537,1.0849463,2.4949462,2.1549463,0.8549463,1.7749463
0.96494627,1.0949463,2.4349463,2.0549462,2.1749463,1.6349463,1.1449463,0.18494628,-0.52505374,-1.5150537,-0.8950537,-1.5150537,-1.0550537,-0.23505372,-0.5550537,-1.1050537,-1.6950537,-0.5150537,0.3449463,0.90494627,0.39494628,2.0249462,1.1449463,-0.42505372,-1.1850537,-1.7350537,-1.2950537,-1.2450538,-0.5550537,0.02494629,0.1749463,0.8549463,0.5849463,1.7549462,4.504946,6.084946,7.144946,7.3849463,6.8449464,5.4949465,0.4949463,0.7949463,-1.1950537,-0.1550537,-2.0450537,0.19494629,-1.4850537,-2.0250537,-1.1350538,0.6849463,3.9949462,-5.2750535,-0.53505373,2.4049463,3.6449463,2.3149462,1.3049463,0.4149463,1.5549463
1.4749463,1.3349463,1.6549463,1.4549463,1.9849463,1.7049463,1.6449463,0.9249463,-1.4250537,-0.4650537,-0.7050537,-0.6750537,-1.5550537,-0.6150537,-0.52505374,-0.9550537,-0.90505373,-1.3650537,-0.53505373,-0.52505374,1.4049463,4.1549463,-0.1550537,-1.5850537,-1.2550538,-0.5850537,-0.08505371,0.8649463,0.3049463,0.6949463,1.6549463,3.1049464,4.684946,4.9249463,6.6349463,7.0949464,7.044946,6.334946,5.124946,4.4249463,0.11494629,-0.8150537,-4.245054,-3.6950538,-3.5550537,-3.3950536,-2.3950536,0.4349463,-1.4750537,-1.2550538,-3.5050538,-1.5050538,-1.4850537,3.9049463,3.1049464,0.9349463,-2.1450536,-1.4750537,-0.7350537
2.7849462,2.0149462,2.1849463,2.0549462,1.2249463,1.8449463,1.6749463,0.8149463,0.6449463,0.13494629,-0.06505371,-0.29505372,-0.2550537,-0.7250537,-0.9850537,-0.8750537,-0.9150537,-1.9250537,-0.35505372,-0.48505372,4.2449465,2.8449464,1.3549463,-1.3950537,-0.6250537,1.9049463,1.9449463,2.4949462,2.8549464,3.1949463,4.2849464,4.914946,5.8849463,5.7849464,5.8849463,5.9049463,5.7849464,4.374946,4.004946,2.3549464,0.8949463,0.07494629,-3.0350537,-2.9850538,-2.8550537,-2.9450538,-0.5750537,-2.2050538,-0.6950537,0.3749463,2.6649463,2.1749463,2.4449463,2.5149462,2.5349462,2.0449462,4.354946,3.9649463,4.064946
2.4049463,2.8549464,1.9049463,1.4549463,1.4049463,1.8749462,1.6949463,1.5449463,0.8949463,0.8349463,1.4949462,0.7749463,0.21494628,0.14494629,-0.7650537,-0.22505371,-1.0350537,-1.2950537,-1.4450537,2.6849463,4.5349464,2.3149462,0.07494629,-2.1050537,1.2549462,3.8449464,4.3249464,4.024946,4.2149463,4.604946,5.8249464,6.2349463,6.504946,5.9849463,5.7849464,5.624946,5.064946,4.4249463,2.0549462,0.2049463,-1.6050537,-0.075053714,-1.6550537,-2.7950537,-2.6150537,-2.3350537,-1.5950537,-1.7550538,-0.77505374,0.16494629,2.4849463,1.6549463,3.6249464,1.9049463,4.374946,4.394946,4.3449464,5.024946,3.5649462
2.3349464,1.9949462,1.9749463,2.4749463,2.4149463,1.5249463,1.3349463,0.3849463,0.8249463,0.78494626,0.16494629,1.0349463,0.2549463,0.4449463,0.04494629,0.5049463,0.02494629,-0.6450537,-0.17505372,0.4149463,1.9249463,1.3449463,-0.6950537,2.3349464,4.084946,4.3849463,4.4649463,4.7349463,5.4049463,6.774946,6.504946,6.4849463,5.9949465,5.184946,5.544946,4.504946,5.184946,3.4049463,0.39494628,-0.9750537,-2.6850538,-0.5850537,0.7349463,-2.2150538,-3.1550536,-4.0050535,-3.3950536,-1.4650537,-2.9750538,-2.2550538,-0.5650537,-0.17505372,3.6549463,2.6449463,4.044946,4.6749463,5.6949463,3.3649464,3.6649463
2.5349462,2.0549462,1.5749463,1.5049462,1.6649463,1.1449463,0.7549463,1.2949463,0.8649463,-0.03505371,-0.6650537,-0.08505371,-0.1250537,-0.06505371,1.6649463,0.6949463,1.5249463,0.9949463,1.1049463,1.7949463,2.0649462,1.1049463,1.5949463,3.7749462,4.124946,4.9949465,6.004946,5.894946,6.5749464,6.3249464,5.8649464,5.2249465,5.6749463,5.1149464,5.8249464,4.8049464,5.5949464,4.5149465,-2.1250536,-2.2550538,-3.1950538,-3.5350537,0.09494629,0.3849463,-2.8350537,-3.2350538,-2.4450538,-0.7950537,-0.8350537,-1.0650537,0.9249463,1.9949462,0.8849463,1.9749463,2.9049463,2.4549463,3.9349463,3.7249463,0.42494628
3.1449463,1.8749462,1.2249463,0.97494626,0.5049463,0.06494629,0.02494629,-0.2550537,-0.8050537,-0.90505373,-0.42505372,-0.8350537,-0.52505374,-0.42505372,-0.19505371,0.5649463,1.6249462,0.8149463,1.5449463,3.0249462,3.0549462,3.5749464,5.0949464,5.064946,6.2249465,6.0149465,5.9749465,7.004946,6.144946,5.2349463,5.9449463,5.4249463,4.9049463,4.4049463,4.2449465,4.834946,4.394946,1.2349463,1.2949463,-0.8350537,-2.3050537,-4.9450536,-0.8650537,-0.29505372,0.14494629,-2.6150537,-1.9550537,-0.10505371,1.0849463,1.3249463,2.1949463,1.7749463,1.8849463,1.5649463,1.3249463,1.1449463,2.0149462,-0.10505371,0.4749463
1.8449463,1.3249463,0.18494628,-0.32505372,-0.3450537,-0.8150537,-1.4050537,-1.3050537,-1.2750537,-1.5850537,-1.3550537,-0.19505371,-0.1550537,-0.23505372,0.2049463,0.9249463,1.4249463,2.5149462,3.2549462,3.8749464,4.5949464,6.834946,5.664946,6.524946,5.5349464,6.8649464,7.524946,6.504946,5.794946,5.9549465,5.434946,5.044946,3.6749463,4.084946,3.7749462,3.4949462,2.6749463,-1.4250537,-0.025053712,0.8249463,-2.0250537,-3.3350537,-0.65505373,0.5049463,-0.4950537,-2.6250536,-0.59505373,0.4749463,1.7249463,2.0949464,2.1649463,1.2549462,1.6449463,2.5849464,2.5449462,0.7049463,0.15494628,0.02494629,-0.2750537
1.5449463,1.5349463,1.0449463,0.19494629,-0.3750537,-1.0650537,-0.8250537,-1.0250537,-1.0650537,-0.9350537,-0.48505372,-1.8450537,-0.5850537,-0.04505371,0.11494629,0.4949463,0.9549463,1.7449462,3.5349462,3.3449464,4.434946,4.874946,5.9949465,5.294946,6.314946,7.254946,6.6949463,6.2349463,6.124946,5.564946,4.584946,3.5549462,3.9449463,3.9549463,3.5149462,3.1049464,2.2149463,1.3549463,-0.48505372,-0.7450537,0.90494627,-2.3150537,-4.2950535,-0.8550537,-0.9250537,-0.8650537,0.4649463,1.3449463,3.5449462,3.1949463,3.1049464,2.1949463,2.1149464,2.9649463,0.26494628,0.36494628,0.2049463,0.2049463,0.5249463
3.5949464,3.8849463,3.0749464,2.3349464,-0.84505373,-0.9150537,-0.5650537,-1.0150537,-1.1050537,-1.2950537,-1.2050537,0.3049463,-1.4050537,-1.4550537,-1.2150537,-0.5650537,0.3549463,1.2649463,1.8549463,2.6649463,3.0949464,4.044946,4.4749465,6.0149465,5.4449463,6.184946,5.7449465,5.9049463,5.8649464,5.2149463,4.644946,4.2849464,4.0749464,3.4949462,2.7049463,1.7849463,1.4049463,1.0349463,-0.11505371,-2.8450537,-0.8050537,-0.3750537,-0.4350537,-1.6150537,-0.1550537,0.6049463,2.0449462,3.2449462,3.7249463,3.5749464,4.2349463,1.9049463,0.96494627,0.2749463,0.42494628,0.3449463,0.12494629,0.22494629,1.1649463
4.044946,3.7549462,2.7949462,2.6849463,1.8549463,0.1749463,-0.9750537,-1.6950537,-2.0350537,-1.6950537,-1.4650537,-1.7550538,-1.3050537,-1.9450537,-2.0950537,-2.0050538,-0.7350537,0.2549463,1.1749463,2.0849464,2.8049462,3.2049463,4.5349464,4.8649464,5.254946,5.834946,6.064946,5.8449464,5.2849464,4.9449463,4.2249465,3.5449462,3.3849463,3.2049463,2.9349463,2.0649462,1.7049463,1.1649463,0.7549463,0.014946289,-0.65505373,0.5549463,-0.8850537,-0.4450537,1.1449463,0.4349463,2.5449462,3.5949464,3.6949463,3.3149462,1.4949462,0.7049463,0.4749463,-0.2850537,-0.26505372,-0.29505372,-0.41505373,-0.7350537,0.2749463
3.5849464,3.2449462,2.7049463,2.1549463,1.8349463,1.4949462,1.3549463,1.2249463,0.5049463,-0.3950537,-2.3750536,-2.0250537,-2.9450538,-2.8950536,-2.3250537,-1.9550537,-1.7750537,-0.8150537,-0.04505371,1.0049462,1.7349463,3.0249462,3.9449463,4.2049465,5.084946,5.184946,5.374946,5.024946,4.7249465,4.024946,3.9249463,3.7449462,3.2249463,2.2149463,2.7649462,2.9149463,2.0449462,1.3849463,0.7549463,0.71494627,0.04494629,-0.8650537,0.4149463,0.6349463,0.15494628,1.5849463,2.2749462,2.4149463,2.8749464,3.0249462,3.0149462,0.104946285,0.15494628,-0.3050537,-0.7550537,-0.38505372,-0.3150537,0.5549463,1.0449463
3.9749463,3.9849463,2.9749463,2.4049463,1.9249463,1.6149462,0.7549463,-0.32505372,-0.7950537,-1.2750537,-0.38505372,-3.2450538,-2.8050537,-4.0750537,-4.0550537,-3.1950538,-2.5250537,-1.7850537,-0.8550537,-0.24505371,0.6349463,1.7549462,3.3249464,3.9049463,4.3049464,4.5949464,3.9549463,4.1749463,3.4749463,3.2349463,3.7949462,4.2649465,3.6749463,4.0149465,3.4749463,1.6149462,1.3249463,1.3449463,0.72494626,0.3549463,0.8049463,-0.9750537,0.5149463,0.4949463,0.21494628,1.5249463,-0.025053712,-0.2550537,1.5249463,2.1549463,2.8949463,0.02494629,-0.075053714,0.03494629,0.09494629,0.45494628,0.9249463,0.9449463,0.7449463
5.2149463,5.2349463,4.9649463,4.1949463,3.1049464,1.9349463,0.6349463,-1.3050537,-1.4250537,-1.4450537,-2.0450537,-1.9350537,-2.1450536,-1.6550537,-3.9450538,-3.7750537,-3.0850537,-3.0550537,-2.4250536,-1.9650537,-0.9550537,-0.3950537,1.1049463,2.6949463,3.2949462,3.4249463,3.0849464,2.6449463,3.0449462,3.7749462,4.434946,4.8649464,4.004946,4.1949463,3.7749462,3.4649463,3.1849463,2.1549463,2.2249463,1.2149463,0.9849463,0.06494629,-0.5550537,0.16494629,0.2049463,0.42494628,-1.0050538,-0.2550537,1.1049463,2.6849463,2.1749463,1.7449462,0.14494629,-0.04505371,0.3749463,0.32494628,0.7549463,0.22494629,5.9949465
5.294946,4.774946,4.2149463,3.8949463,2.6649463,1.0249463,0.1749463,0.07494629,-1.0350537,-1.5650537,-1.2650537,-1.7850537,-2.9950538,-2.4150536,-2.3250537,-3.5550537,-3.9750538,-3.7950537,-3.5150537,-2.3750536,-1.9350537,-2.7150538,0.5149463,2.2249463,2.2549462,2.2949462,2.2049463,1.8649462,2.5849464,3.1649463,3.7049463,2.5049462,3.0049462,2.5449462,2.7049463,2.8749464,3.0249462,2.7349463,3.0349462,2.3749464,1.2749463,0.6949463,0.6849463,-0.9850537,0.8949463,0.2349463,0.6949463,0.7349463,1.6149462,0.14494629,1.2449462,2.5449462,-0.4350537,0.3049463,0.2749463,0.4449463,0.6749463,0.7949463,5.0549464
4.7849464,4.274946,3.7849462,2.8149462,1.1749463,0.6849463,0.4049463,-0.005053711,-0.8850537,-0.8250537,-1.6750537,-1.8950537,-2.2750537,-2.7850537,-3.3950536,-3.6350536,-4.395054,-4.705054,-4.565054,-3.5350537,-2.4750538,-0.9850537,-0.6650537,0.7949463,1.1749463,1.2649463,1.4849463,2.0149462,2.4049463,3.4749463,3.4949462,3.5549462,3.6049464,2.8449464,2.2749462,2.5149462,1.8249463,1.8849463,1.5249463,1.8349463,2.1449463,1.2849463,0.3749463,0.1749463,0.104946285,0.9149463,0.5149463,4.9849463,2.4249463,0.5549463,0.8349463,0.09494629,-0.075053714,0.9549463,0.4349463,1.3349463,-0.8950537,2.1449463,3.7949462
5.544946,6.124946,5.004946,5.1349463,4.314946,1.8149463,-0.19505371,-0.96505374,-0.78505373,-1.6350538,-2.6150537,-2.5250537,-2.5950537,-3.1350536,-3.4650538,-4.7650537,-6.2650537,-5.415054,-5.105054,-4.9450536,-3.9750538,-2.6750536,-1.6250538,-0.1850537,0.7349463,0.2349463,-0.025053712,1.0049462,2.8749464,3.0249462,3.3649464,5.0149465,4.434946,3.4049463,2.9549463,3.1149464,2.8449464,2.7249463,2.3249464,1.9149463,1.1249462,0.9249463,-0.2750537,0.32494628,1.5049462,-0.2850537,3.0949464,5.504946,1.9549463,1.2949463,0.8149463,0.5049463,0.6749463,0.90494627,0.5149463,-0.1550537,2.4149463,3.0349462,4.2149463
5.3649464,5.0949464,4.9549465,5.0349464,5.144946,5.004946,1.4549463,-1.5350537,-1.8050537,-2.2250538,-2.0750537,-0.4750537,-2.1550536,-2.8750536,-3.8150537,-5.145054,-6.4250536,-6.6350536,-6.495054,-5.8050537,-4.1150537,-3.2750537,-2.4050536,-1.2350537,0.3449463,-1.2250537,-0.7550537,1.7949463,2.0249462,2.6649463,3.6649463,3.2449462,3.1349463,3.4649463,4.2449465,4.584946,3.9549463,3.5849464,4.4649463,4.144946,2.0249462,-0.77505374,-1.1050537,-0.22505371,0.9549463,1.8649462,3.0149462,2.1049464,0.29494628,0.9549463,2.3049462,0.3049463,1.8049463,4.0549464,0.7949463,1.2549462,2.3549464,5.814946,2.2349463
5.3049464,5.414946,5.5949464,5.584946,5.754946,5.5349464,4.0349464,1.5449463,1.7849463,1.1949463,0.13494629,0.11494629,-0.2850537,-1.2050537,-1.2450538,-6.565054,-7.2650537,-6.3250537,-5.5450535,-4.1750536,-3.0550537,-1.4050537,-3.3350537,-0.96505374,0.72494626,-1.0350537,-0.3050537,0.12494629,1.5549463,2.8349464,3.4549463,3.0349462,3.4449463,3.4949462,3.8649464,4.624946,4.4549465,4.2249465,5.4949465,5.874946,3.5649462,-0.6450537,-2.6250536,-0.5150537,0.6449463,1.9249463,3.1849463,3.7349463,0.11494629,1.6449463,2.6549463,0.9449463,2.5049462,2.7949462,3.1349463,0.8149463,5.1149464,9.184946,2.3949463
5.2349463,4.914946,5.124946,5.2149463,5.2149463,5.0349464,4.914946,4.2049465,3.1549463,1.2149463,0.8049463,-0.5550537,-0.8350537,0.22494629,-1.3450537,-5.2550535,-5.895054,-4.8850536,-4.5350537,-3.2650537,-3.0450537,-3.1750536,-2.9550538,-2.9950538,-2.3650537,-1.2550538,-0.3650537,0.8149463,2.5649462,2.2749462,2.6349463,2.5749464,0.9549463,3.5049462,4.5749464,5.044946,4.9749465,5.9849463,6.504946,6.4549465,4.8049464,1.4649463,-0.84505373,-0.84505373,0.59494627,1.0249463,1.9949462,2.8449464,2.8449464,1.2449462,2.4049463,1.4549463,1.6849463,1.9249463,0.6849463,1.5949463,3.1449463,9.884946,6.084946
3.9949462,4.064946,5.2049465,5.1149464,4.5549464,5.184946,5.2349463,4.5749464,4.1349463,1.3449463,-1.0650537,-0.8850537,-1.2850537,-0.7950537,-2.6850538,-3.6450536,-4.5950537,-4.0950537,-3.8450537,-3.1450536,-2.7650537,-3.9850538,-4.495054,-3.8350537,-2.8150537,-2.5850537,0.5749463,2.1649463,1.2449462,1.2849463,3.1949463,4.0349464,4.9049463,3.5749464,4.024946,5.854946,4.1749463,6.754946,6.8449464,7.0549464,5.3849463,4.604946,1.7749463,-0.14505371,0.29494628,1.1049463,2.1449463,2.4949462,3.1549463,3.7449462,4.144946,4.4749465,5.2249465,4.3449464,3.8549464,2.6349463,3.3149462,4.1349463,-0.5750537
4.834946,4.064946,4.084946,4.374946,4.834946,5.4649463,5.434946,4.7249465,4.934946,3.1049464,2.3049462,-0.3450537,-2.1750536,-2.0150537,-2.7050538,-4.2350535,-4.2150536,-2.7450538,-2.1550536,-2.7050538,-3.0750537,-3.7350538,-2.9050536,-2.4650538,-0.84505373,-0.13505371,1.0849463,-0.22505371,-0.09505371,0.29494628,1.5949463,2.3549464,2.6749463,2.1249464,2.7449462,3.8249464,4.874946,5.814946,6.374946,6.834946,6.3049464,6.3249464,6.0549464,4.4049463,2.1349463,2.1849463,3.0949464,4.0949464,4.544946,4.684946,5.2049465,5.184946,5.294946,5.2449465,5.274946,5.004946,5.414946,5.394946,6.004946
5.2349463,5.2149463,5.2449465,4.5949464,5.2349463,5.7249465,5.3849463,5.624946,5.2449465,4.664946,1.5449463,-2.2650537,-3.4750538,-3.8250537,-4.0250535,-3.6750536,-2.8850536,-1.8250537,-1.3350537,-0.24505371,-0.4350537,0.42494628,-1.8250537,0.6449463,-2.1250536,-3.4350538,-2.5450537,-1.1950537,-0.53505373,0.78494626,0.2749463,0.6249463,1.4749463,1.7649463,2.5749464,4.064946,4.3249464,4.9449463,6.4949465,6.4449463,6.9949465,6.8049464,7.004946,7.664946,7.124946,5.9549465,4.9049463,5.6549463,6.934946,5.524946,6.104946,5.684946,5.3849463,5.024946,6.3849463,6.564946,6.4949465,5.5949464,4.9749465
6.4949465,7.394946,6.2849464,5.894946,5.7249465,5.7249465,6.584946,5.6149464,4.8649464,5.524946,4.604946,-0.11505371,-4.6750536,-3.8450537,-2.6350536,-2.5250537,-1.4050537,-0.075053714,0.5449463,1.0449463,1.0349463,1.0949463,-1.0850537,0.09494629,-4.2750535,-5.2850537,-3.3950536,-1.4750537,-1.8150537,-0.3650537,0.3549463,1.2049463,1.1049463,1.6249462,1.2249463,2.4749463,2.9849463,3.2249463,5.2449465,5.9549465,5.4649463,5.2649465,6.9649463,6.8849463,7.504946,7.314946,6.7149463,6.2249465,6.604946,6.7849464,6.124946,6.0549464,5.4449463,5.874946,6.1549463,5.5549464,5.2049465,5.354946,4.314946
6.2349463,6.3249464,5.9949465,6.2649465,5.0349464,4.9549465,5.834946,5.9949465,5.6549463,5.434946,5.3849463,-1.8050537,-5.855054,-3.4150536,-1.9150537,-0.90505373,-0.4750537,0.22494629,0.84494627,1.1349463,1.0049462,-0.6450537,-4.5750537,-6.2650537,-4.435054,-2.9750538,-3.5550537,-2.7950537,-2.4550538,-2.1950538,-1.6850537,-0.7550537,0.2549463,0.9849463,1.7649463,1.8549463,2.8649464,3.2549462,3.7749462,4.5949464,4.9649463,5.434946,5.1149464,5.794946,5.064946,5.434946,5.2149463,4.5749464,5.4449463,6.0549464,5.9849463,6.184946,6.5549464,6.0749464,5.644946,5.394946,4.8449464,5.0549464,4.8449464
