v5/current-wind-surface-level-gfs-1.0.json
{"header": { "discipline":0, "disciplineName":"Meteorological products", "gribEdition":2, "gribLength":79010, "center":7, "centerName":"US National Weather Service - NCEP(WMC)", "subcenter":0, "refTime":"2024-10-21T18:00:00.000Z", "significanceOfRT":1, "significanceOfRTName":"Start of forecast", "productStatus":0, "productStatusName":"Operational products", "productType":1, "productTypeName":"Forecast products", "productDefinitionTemplate":0, "productDefinitionTemplateName":"Analysis/forecast at horizontal level/layer at a point in time", "parameterCategory":2, "parameterCategoryName":"Momentum", "parameterNumber":2, "parameterNumberName":"U-component_of_wind", "parameterUnit":"m.s-1", "genProcessType":2, "genProcessTypeName":"Forecast", "forecastTime":0, "surface1Type":103, "surface1TypeName":"Specified height level above ground", "surface1Value":10.0, "surface2Type":255, "surface2TypeName":"Missing", "surface2Value":0.0, "gridDefinitionTemplate":0, "gridDefinitionTemplateName":"Latitude_Longitude", "numberPoints":65160, "shape":6, "shapeName":"Earth spherical with radius of 6,371,229.0 m", "gridUnits":"degrees", "resolution":48, "winds":"true", "scanMode":0, "nx":360, "ny":181, "basicAngle":0, "lo1":0.0, "la1":90.0, "lo2":359.0, "la2":-90.0, "dx":1.0, "dy":1.0 }, "data":
[rows 0 to 25 of 181, columns 228 to 284 of 360]
4.8189793,4.7489796,4.6789794,4.6189795,4.5489793,4.4689794,4.3989797,4.3289795,4.2489796,4.1789794,4.0989795,4.0189795,3.9389794,3.8589795,3.7689795,3.6889794,3.5989795,3.5189795,3.4289794,3.3389795,3.2489796,3.1589794,3.0689795,2.9789796,2.8889794,2.7889795,2.6989794,2.5989795,2.5089796,2.4089794,2.3089795,2.2089796,2.1089795,2.0089796,1.9089795,1.8089795,1.7089795,1.6089795,1.4989794,1.3989795,1.2989795,1.1889795,1.0889795,0.97897947,0.8789795,0.7689795,0.66897947,0.5589795,0.4589795,0.3489795,0.23897949,0.1389795,0.028979491,-0.07102051,-0.18102051,-0.2910205,-0.3910205
6.6089797,6.5789795,6.5489793,6.5089793,6.4789796,6.4389796,6.3989797,6.3589797,6.3189793,6.2789793,6.2389793,6.1889796,6.1489797,6.0989795,6.0589795,6.0089793,5.9489794,5.8989797,5.8489795,5.7889795,5.7389793,5.6789794,5.6189795,5.5589795,5.4989796,5.4389796,5.3789797,5.3189793,5.2589793,5.1989794,5.1389794,5.0789795,5.0289793,4.9689794,4.9089794,4.8389797,4.7789793,4.7189794,4.6589794,4.5889797,4.5289793,4.4589796,4.3889794,4.3189793,4.2489796,4.1689796,4.0889797,4.0089793,3.9289794,3.8489795,3.7589796,3.6689794,3.5689795,3.4789796,3.3789794,3.2789795,3.1789794
6.2689795,6.2289796,6.1989794,6.1689796,6.1389794,6.0989795,6.0889797,6.0689793,6.0589795,6.0489793,6.0289793,6.0089793,5.9789796,5.9489794,5.9189796,5.8889794,5.8789797,5.8689795,5.8589797,5.8589797,5.8489795,5.8589797,5.8589797,5.8589797,5.8889794,5.9089794,5.9289794,5.9489794,5.9689794,5.9789796,5.9889793,5.9789796,5.9589796,5.9389796,5.9189796,5.8989797,5.8889794,5.8689795,5.8389797,5.8189793,5.7889795,5.7589793,5.7389793,5.7389793,5.7189794,5.7089796,5.6889796,5.6689796,5.6389794,5.6189795,5.5889797,5.5589795,5.5189795,5.4789796,5.4389796,5.3989797,5.3589797
7.7689795,7.7689795,7.7889795,7.8189793,7.8489795,7.8689795,7.8789797,7.8989797,7.9189796,7.9289794,7.9289794,7.9289794,7.9189796,7.8989797,7.8889794,7.8889794,7.8789797,7.8689795,7.8489795,7.8389797,7.8389797,7.8289795,7.7889795,7.7489796,7.7189794,7.6789794,7.6489797,7.6289797,7.6089797,7.5789795,7.5589795,7.5389795,7.5089793,7.4789796,7.4589796,7.4389796,7.3989797,7.3389797,7.2889795,7.2789793,7.2689795,7.2489796,7.1789794,7.1089797,7.0589795,7.0189795,6.9789796,6.9189796,6.8689795,6.8389797,6.8189793,6.7989793,6.7589793,6.7289796,6.6889796,6.6489797,6.5989795
7.4689794,7.4889793,7.5089793,7.5089793,7.5089793,7.4989796,7.4889793,7.4789796,7.4889793,7.5089793,7.5189795,7.5089793,7.4789796,7.4489794,7.4089794,7.3689795,7.3289795,7.3189793,7.3089795,7.2489796,7.1989794,7.2089796,7.2089796,7.1889796,7.1889796,7.1989794,7.1989794,7.1789794,7.1689796,7.1389794,7.1289797,7.1289797,7.1089797,7.0889797,7.0489793,7.0089793,6.9689794,6.8989797,6.8089795,6.7189794,6.6589794,6.5489793,6.4389796,6.3489795,6.2789793,6.2389793,6.1989794,6.1389794,6.0889797,6.0389795,5.9789796,5.9589796,5.9589796,5.8989797,5.8589797,5.8189793,5.7689795
6.2189794,6.2889795,6.3389797,6.3489795,6.3789797,6.4289794,6.4789796,6.5289793,6.5789795,6.5989795,6.5989795,6.6289797,6.6589794,6.6489797,6.7389793,6.7989793,6.7789793,6.7589793,6.7189794,6.5989795,6.5289793,6.4589796,6.3589797,6.2889795,6.2389793,6.2189794,6.1789794,6.1589794,6.1489797,6.0789795,5.9889793,5.9089794,5.8389797,5.7889795,5.7289796,5.7189794,5.7189794,5.7189794,5.7089796,5.6889796,5.6489797,5.6689796,5.6789794,5.6389794,5.6089797,5.5689793,5.5289793,5.5289793,5.5389795,5.5489793,5.5989795,5.6389794,5.5989795,5.5389795,5.4789796,5.4389796,5.3889794
5.1689796,5.2389793,5.2289796,5.1489797,5.0889797,5.1689796,5.3389797,5.4589796,5.5389795,5.5689793,5.6189795,5.6789794,5.7789793,5.8189793,5.8289795,5.7889795,5.7889795,5.7689795,5.7689795,5.8389797,5.8189793,5.7989793,5.7289796,5.6589794,5.5789795,5.4889793,5.3589797,5.2389793,5.1589794,5.1889796,5.2289796,5.2289796,5.2489796,5.2389793,5.1689796,5.1089797,4.9989796,4.9089794,4.8289795,4.7689795,4.7389793,4.6889796,4.6289797,4.5889797,4.5689793,4.5689793,4.5489793,4.5289793,4.5389795,4.5689793,4.5889797,4.5989795,4.6189795,4.6889796,4.7889795,4.9289794,5.0589795
4.5689793,4.5989795,4.5389795,4.4789796,4.4689794,4.4589796,4.4289794,4.4189796,4.4489794,4.5389795,4.6789794,4.7989793,4.8489795,4.8689795,4.9089794,4.9489794,4.9589796,4.9989796,5.0089793,4.9789796,4.9589796,4.9289794,4.8289795,4.6089797,4.4989796,4.3189793,4.1489797,4.0189795,3.9689796,3.9189794,3.8889794,3.8989794,3.8689795,3.8589795,3.8789794,3.8589795,3.7289796,3.5589795,3.4489794,3.3889794,3.3589795,3.3689795,3.3089795,3.2889795,3.1389794,3.1989794,3.2189796,3.1889794,3.1489794,3.1789794,3.4889796,4.1889796,4.3289795,3.8589795,2.3089795,1.9989794,2.1389794
2.6989794,2.9089794,3.2989795,3.5989795,3.6589794,3.6189795,3.5589795,3.5889795,3.6689794,3.7589796,3.8289795,3.8689795,3.8889794,3.8189795,3.7389796,3.6489794,3.6089795,3.6489794,3.7589796,3.9089794,4.0689793,4.1389794,4.0989795,3.9889796,3.8589795,3.7389796,3.5989795,3.5089796,3.3889794,3.2389796,3.0789795,2.8689795,2.7289796,2.6689794,2.5889795,2.4489794,2.2689795,2.1189795,1.9989794,2.1289794,2.2689795,2.1389794,1.0789795,0.4289795,0.4389795,-0.8110205,-2.1910205,-1.3810205,-0.6710205,0.2489795,-0.3910205,-0.6610205,-0.6210205,-1.4610205,-1.6710205,-0.5710205,-0.111020505
1.6189795,1.7689795,1.9489795,2.2089796,2.3889794,2.5389795,2.8989794,2.9889796,2.8689795,2.8989794,3.0189795,3.1889794,3.2889795,3.3089795,3.1389794,2.8089795,2.5289795,2.4089794,2.4289794,2.5689795,2.8389795,3.1089795,3.0289795,2.7489796,2.4389794,2.2389796,2.1889794,2.2689795,2.3489795,2.2489796,1.9889795,1.7289795,1.4589795,1.2289795,1.0289795,0.8789795,0.5989795,0.3289795,0.04897949,0.5389795,1.3689795,0.3289795,-0.8410205,-0.6710205,0.15897949,0.1989795,0.068979494,-0.2610205,-0.3210205,0.15897949,-0.6010205,0.20897949,0.49897948,-0.12102051,-0.64102054,-0.4810205,-0.3210205
-0.8210205,-0.2610205,0.2889795,0.8289795,1.0889795,1.0889795,1.2089795,1.3489795,1.5989795,1.8889794,2.2589796,2.2689795,2.0589795,2.0089796,2.1389794,2.2789795,2.3889794,2.2289796,2.0289795,1.9389795,1.9889795,2.1189795,2.2889795,2.3189795,2.2189796,2.0189795,1.8389795,1.6389794,1.7189795,1.8789794,1.9189795,1.6789795,0.9889795,1.0289795,0.4589795,-1.2110205,-1.2510206,-1.9210205,-1.8610206,-2.0210204,-0.8810205,1.5489795,1.4689795,1.0889795,0.97897947,0.4789795,-0.18102051,0.2189795,0.7389795,-0.081020504,-0.5910205,-0.5010205,-0.9410205,-1.0410205,-0.7010205,0.2689795,0.7989795
-2.3010206,-2.0610206,-1.8010205,-1.4210205,-0.9510205,-0.1910205,0.6189795,1.1889795,1.5089794,1.6289794,1.7089795,1.9589795,2.4489794,2.7689795,2.9989796,3.0489795,3.2289796,3.1889794,3.0489795,2.9289794,2.9489794,3.0489795,3.2489796,3.0289795,2.6489794,2.4189794,2.2689795,1.6989795,1.6589795,1.4989794,2.4789796,2.3989794,1.9689795,1.0089794,-0.2410205,-1.6810205,-1.5510205,-1.6810205,-1.4310205,-1.6510205,-1.8310205,0.11897949,-0.21102051,0.7089795,1.6389794,0.8789795,-0.35102051,-1.0310205,-1.1510205,-0.5410205,-0.7910205,-0.9810205,-0.09102051,0.85897946,1.0789795,1.3689795,0.4089795
-2.4510205,-2.4110205,-2.4810205,-2.4410205,-2.0210204,-1.4910206,-1.0210205,-0.28102052,0.5389795,1.3089795,1.8489795,2.2489796,2.3589795,2.6589794,2.9989796,3.1089795,3.2489796,3.4489794,3.8489795,3.6789794,3.3589795,3.5789795,3.6889794,3.8189795,3.7989795,3.5589795,3.4289794,3.3589795,3.2989795,2.9489794,2.6289794,2.8989794,2.2489796,3.2489796,0.018979492,-0.7810205,-0.38102052,0.7389795,-0.031020507,-1.1710205,-2.7710204,-2.3810205,-2.2910204,-2.4310205,-2.4910204,-2.3310206,-1.5610205,-1.4210205,-0.2710205,-0.21102051,-0.64102054,-2.4710205,1.4189795,1.5689795,0.27897948,0.7589795,-0.3910205
-3.0110204,-2.5110204,-2.4010205,-2.5110204,-2.5310204,-2.1810205,-1.8210205,-1.3010205,-0.83102053,-0.3110205,0.3589795,1.1289794,1.3989795,1.8489795,2.0989795,3.1889794,3.4389794,3.4289794,3.4989796,3.4289794,3.1789794,3.4389794,3.8289795,4.0489793,4.2889795,4.1289797,3.8689795,3.6189795,3.7489796,4.0789795,4.0989795,4.0189795,3.3389795,3.0089796,3.5289795,0.028979491,-0.21102051,1.9689795,2.0489795,-0.7010205,-2.2110205,-1.8810205,-2.0310204,-1.7010205,-1.3010205,-1.8910205,-0.5610205,1.0989795,0.9489795,0.7189795,0.4789795,-1.0510205,0.8989795,2.5989795,3.4289794,3.8789794,0.7389795
-4.3810205,-3.8410206,-3.2510204,-2.9410205,-3.0710206,-3.2410204,-2.9610205,-2.5710206,-2.4910204,-2.0910206,-1.4910206,-1.1510205,-0.9410205,-0.35102051,0.5089795,0.49897948,-1.1110206,1.4189795,1.3089795,1.6989795,3.7989795,4.0989795,3.7589796,1.9089795,2.8589795,3.6889794,4.4189796,5.5989795,4.0089793,2.4889796,2.9689796,2.3089795,2.5889795,3.1889794,4.1389794,5.1089797,1.7189795,0.3589795,-0.25102052,-1.0510205,-1.6310205,0.8289795,2.6589794,1.9789795,1.5889795,-0.6010205,-3.1810205,-4.9310207,-4.5110207,-4.2410207,-2.6810205,1.3689795,1.1789795,-2.8810205,-4.7410207,-4.1810207,-5.7510204
-4.5910206,-4.5610204,-4.4010205,-4.0910206,-3.6110206,-3.2410204,-3.1910205,-3.2110205,-2.9910204,-2.5310204,-1.9810205,-1.1610205,-0.3710205,-0.09102051,0.8789795,-0.21102051,-1.5610205,-1.4410205,-1.3310205,-0.7410205,1.1189795,0.5489795,0.7789795,1.9589795,2.7389796,2.7489796,3.4689796,2.8189795,2.8689795,3.3789794,2.7889795,2.9289794,1.7689795,1.9189795,2.3389795,2.8389795,1.9089795,0.7589795,1.9689795,-1.2610205,-2.1310205,-1.3710206,-0.8210205,0.27897948,-2.1510205,-0.8110205,-0.5710205,0.028979491,-0.28102052,-2.8610206,0.4389795,3.0189795,1.8389795,0.3889795,1.4689795,-0.7810205,-3.1510205
-3.7810204,-4.0810204,-5.3310204,-4.0410204,-3.6010206,-3.0010204,-3.2110205,-3.5210204,-2.9410205,-2.7310205,-1.5710205,-0.25102052,0.85897946,0.6589795,0.3189795,1.3889794,3.2989795,2.8689795,2.4489794,1.2389795,-0.3910205,-0.2610205,0.5089795,1.4589795,1.4589795,2.1089795,2.7989795,3.4589796,3.6089795,2.6789794,2.7289796,2.4789796,2.2389796,1.3189795,2.9189794,3.1989794,0.97897947,0.08897949,1.4789795,-0.4910205,0.6289795,2.8689795,1.7989795,0.9989795,0.2689795,-1.9010205,-2.1510205,-2.8710206,-3.6810205,-8.131021,-10.101021,-8.481021,-6.7910204,-5.5810204,-4.1710205,-3.0210204,-2.5910206
-4.3010206,-2.1210206,-1.6710205,-3.0510206,-3.5110204,-2.7510204,-2.7810204,-4.7510204,-4.0610204,-2.5010204,-0.9610205,-1.0510205,0.028979491,0.2689795,-0.21102051,0.3789795,0.9389795,0.7989795,1.9289795,4.2689795,5.2189794,1.5689795,-0.3110205,1.6289794,0.7189795,2.8489795,2.0889795,2.8889794,4.2389793,3.7389796,2.8389795,2.6889794,1.8489795,2.1689794,2.7389796,2.3389795,2.1789794,1.4189795,2.1989794,0.5389795,1.6489795,1.2289795,-4.6910205,-2.9110205,-2.0710206,-6.1010203,-6.9710207,-3.3410206,-1.7210205,-1.5710205,0.8089795,1.6789795,-0.031020507,-2.5810206,-2.6210206,0.1689795,2.9989796
-4.6410203,-2.5910206,-0.8810205,0.3789795,0.3289795,-0.4010205,-3.9110205,-3.4010205,-2.4910204,-1.7410206,-0.12102051,0.15897949,1.8689795,0.72897947,-0.051020507,0.8089795,1.2289795,0.8789795,1.8089795,1.1289794,0.91897947,1.1489795,2.9889796,2.9589796,4.2089796,1.6389794,3.0089796,3.8589795,3.7889795,3.5389795,3.1689794,3.4189794,3.6089795,2.8789794,3.0889795,3.4589796,5.3789797,1.9089795,3.3089795,2.4089794,1.8589795,-0.9210205,-2.3910205,1.2589794,0.9889795,1.1789795,-2.3110206,-1.0310205,-0.6710205,-0.2610205,-0.031020507,-1.7610205,-1.9910206,-1.1710205,-1.3610206,-2.1710205,-2.1310205
-5.8910203,-4.2010207,-1.7510206,0.3489795,2.1089795,3.5589795,4.2189794,3.4589796,2.1889794,1.0889795,5.7089796,6.2189794,1.6989795,0.49897948,-1.6910205,0.058979493,0.5589795,0.7789795,1.2189795,0.91897947,1.2689795,1.2089795,1.6889795,2.9489794,2.0289795,2.7189796,3.0189795,3.1389794,4.2989793,4.2189794,3.3489795,2.9089794,3.0289795,2.0689795,3.1289794,4.0589795,2.8089795,4.3089795,5.8389797,4.9089794,5.7789793,5.3489795,5.9289794,1.8289795,1.3289795,0.6489795,2.2889795,1.8189795,2.1089795,1.2889795,1.6389794,1.3489795,0.18897949,-1.3110205,-2.2910204,-2.0410204,-1.4910206
-6.4710207,-4.5710206,-3.3810205,-1.8010205,-0.7810205,0.7789795,1.7689795,1.7389795,4.0089793,4.7489796,7.1989794,8.778979,8.118979,7.6889796,7.3989797,6.5589795,2.2689795,2.1489794,3.2389796,3.4689796,1.9789795,1.0889795,1.3589795,1.6089795,1.1989795,1.4289795,2.0289795,2.5389795,2.8089795,3.4889796,4.7589793,3.9289794,3.0289795,3.4689796,3.1989794,4.4289794,1.9489795,3.6589794,4.8689795,4.9889793,6.0889797,8.09898,7.3089795,7.2289796,6.0089793,5.2889795,5.6489797,4.3089795,2.9189794,1.5989795,1.7489794,3.4789796,2.3889794,2.1889794,0.33897948,-1.6510205,-1.5110205
-2.9810205,-3.9410205,-4.2710204,-3.1710205,-2.5910206,-0.4210205,-0.6510205,-0.9910205,-0.06102051,-1.8510205,-0.4610205,3.5089796,5.1089797,5.6389794,4.0589795,4.6489797,6.0689793,5.9389796,2.9289794,0.91897947,2.8589795,3.6789794,3.9689796,1.6889795,1.8289795,2.2889795,3.0989795,2.3889794,2.9089794,3.3289795,3.9989796,3.9089794,3.9589796,2.6189795,2.7789795,3.8089795,4.9489794,5.2789793,3.1789794,4.3689795,5.6189795,6.0989795,8.058979,7.4389796,9.618979,7.5689793,7.1289797,4.2989793,3.7289796,5.2789793,4.1489797,5.7789793,3.8389795,3.1589794,3.4189794,0.8189795,0.66897947
-1.7410206,-1.5410205,-1.5310205,-2.3310206,-1.8110205,-0.3610205,-0.3710205,-1.9810205,-1.8310205,-0.9710205,-0.9710205,0.30897948,2.7889795,2.9389794,2.8289795,1.9789795,4.1089797,6.0589795,8.41898,8.71898,8.96898,9.938979,8.0789795,8.908979,6.1189795,4.8889794,2.4789796,3.0789795,4.6689796,4.7889795,4.7589793,4.7089796,6.0089793,5.4489794,1.8789794,2.3889794,5.1289797,3.8989794,5.1989794,2.1289794,5.1989794,5.9589796,5.7589793,6.5889797,9.028979,8.24898,7.9489794,4.9689794,5.4389796,3.9989796,6.1389794,5.0989795,5.3289795,2.8689795,2.1589794,1.8589795,2.1889794
0.5289795,-0.58102053,-2.3710206,-0.5910205,-1.0610205,-0.6610205,0.6189795,0.8289795,-0.18102051,-0.35102051,0.08897949,0.8689795,0.3189795,0.7889795,0.8389795,1.6089795,1.2689795,2.2589796,2.9189794,1.9389795,4.0089793,3.3289795,3.8989794,3.6989794,5.8589797,5.2589793,6.7089796,7.0789795,3.4389794,4.2089796,4.5489793,4.9689794,5.1889796,5.4289794,6.0689793,5.7589793,3.0389795,3.1789794,5.3389797,5.2189794,4.8789797,5.0689793,5.2989793,5.5389795,6.7789793,4.9489794,6.1189795,5.3089795,2.8989794,4.8589797,4.2689795,4.4889793,4.9989796,3.8489795,2.1189795,1.4289795,1.7189795
0.18897949,0.91897947,-2.1110206,-2.1610205,-1.8910205,-0.8410205,-0.10102051,1.2189795,0.4489795,1.4689795,2.8889794,4.0389795,4.3789797,0.36897948,0.2189795,0.97897947,1.7789795,2.2189796,1.5189795,1.6389794,2.7489796,2.3089795,3.3889794,3.7089796,4.0589795,3.2889795,4.2189794,4.4589796,6.3189793,6.2689795,5.7389793,4.6789794,4.5189795,4.7689795,4.5989795,4.9789796,5.2689795,4.0789795,4.6489797,4.8089795,4.2589793,4.6389794,2.6789794,4.4989796,4.9089794,4.9789796,5.2189794,5.8389797,5.1289797,5.3989797,4.8489795,4.7989793,4.5889797,3.1789794,1.3089795,1.6389794,0.028979491
3.0689795,0.8889795,1.7689795,1.8089795,2.6489794,0.098979495,-1.5610205,-0.77102053,1.0289795,1.0189795,3.3389795,3.4089794,2.7089796,3.0789795,3.6889794,4.4489794,4.9189796,5.4989796,4.4289794,4.8089795,4.3489795,2.9589796,4.0389795,4.5389795,4.1289797,4.4589796,4.8489795,4.7089796,4.7689795,5.1789794,5.8589797,5.6889796,5.7289796,5.3789797,5.2689795,5.0489793,5.3689795,5.4389796,5.4689794,5.2789793,5.1589794,5.8589797,5.1689796,5.0589795,4.5789795,5.6289797,4.3989797,3.4089794,5.9689794,6.6889796,5.9089794,6.0489793,6.0189795,4.3989797,3.1089795,3.3489795,1.7589794
