v5/current-wind-surface-level-gfs-1.0.json
{"header": { "discipline":0, "disciplineName":"Meteorological products", "gribEdition":2, "gribLength":79010, "center":7, "centerName":"US National Weather Service - NCEP(WMC)", "subcenter":0, "refTime":"2024-10-21T18:00:00.000Z", "significanceOfRT":1, "significanceOfRTName":"Start of forecast", "productStatus":0, "productStatusName":"Operational products", "productType":1, "productTypeName":"Forecast products", "productDefinitionTemplate":0, "productDefinitionTemplateName":"Analysis/forecast at horizontal level/layer at a point in time", "parameterCategory":2, "parameterCategoryName":"Momentum", "parameterNumber":2, "parameterNumberName":"U-component_of_wind", "parameterUnit":"m.s-1", "genProcessType":2, "genProcessTypeName":"Forecast", "forecastTime":0, "surface1Type":103, "surface1TypeName":"Specified height level above ground", "surface1Value":10.0, "surface2Type":255, "surface2TypeName":"Missing", "surface2Value":0.0, "gridDefinitionTemplate":0, "gridDefinitionTemplateName":"Latitude_Longitude", "numberPoints":65160, "shape":6, "shapeName":"Earth spherical with radius of 6,371,229.0 m", "gridUnits":"degrees", "resolution":48, "winds":"true", "scanMode":0, "nx":360, "ny":181, "basicAngle":0, "lo1":0.0, "la1":90.0, "lo2":359.0, "la2":-90.0, "dx":1.0, "dy":1.0 }, "data":
[rows 26 to 51 of 181, columns 0 to 56 of 360]
10.358979,11.21898,11.368979,11.78898,13.42898,14.71898,15.53898,16.14898,16.98898,18.378979,16.638979,15.83898,10.318979,13.84898,10.50898,7.7389793,6.8389797,6.7989793,6.6689796,5.0189795,3.1489794,7.1989794,9.75898,11.54898,5.3489795,4.5989795,3.5989795,3.3089795,3.4589796,2.9389794,3.1689794,4.0289793,4.3489795,4.0989795,4.3289795,4.1489797,3.5289795,6.3989797,0.6189795,1.3989795,2.1589794,1.7489794,1.5389795,3.6689794,1.9789795,1.3189795,2.7089796,1.5889795,1.7989795,2.4389794,2.3589795,1.8589795,1.4689795,2.3589795,1.1089795,0.5989795,-0.18102051
7.9789796,8.028979,8.24898,9.09898,10.00898,11.488979,13.398979,15.268979,9.608979,8.91898,6.2289796,4.0789795,1.3789794,0.5389795,2.1989794,4.0789795,5.7989793,5.8989797,5.7089796,7.8789797,9.728979,9.84898,5.5789795,5.4489794,5.6289797,5.6889796,5.0989795,3.2389796,3.5689795,2.9589796,2.8889794,3.3989794,4.0489793,4.1089797,2.8989794,3.1989794,1.8489795,1.9589795,4.1489797,3.5689795,2.1689794,2.3789794,2.3389795,0.8689795,3.2489796,1.7389795,2.8389795,2.7889795,2.6289794,2.3889794,2.5189795,2.3289795,2.0389795,2.1189795,1.7189795,1.2189795,0.23897949
8.358979,8.37898,7.6489797,7.3489795,7.3389797,7.5989795,0.20897949,1.8989795,2.8589795,2.7189796,2.8189795,2.8089795,6.9489794,7.1389794,6.3489795,5.9589796,6.0289793,6.8789797,10.238979,11.308979,11.12898,9.808979,5.3089795,6.8789797,6.1189795,5.6689796,5.6189795,5.1889796,4.0989795,4.1289797,3.9989796,2.4389794,3.8389795,3.5089796,4.2289796,5.0189795,2.8989794,3.3789794,3.7289796,2.5189795,2.2689795,0.97897947,2.7389796,2.5889795,1.8089795,2.2289796,1.5289795,2.8689795,3.0089796,2.3689795,2.6289794,2.9689796,2.7089796,2.4889796,1.7989795,1.2689795,0.9389795
7.7389793,8.118979,7.4489794,6.8089795,6.3189793,3.2089796,2.6489794,2.6689794,5.9189796,5.0089793,4.6689796,3.9189794,3.7889795,5.6789794,6.8289795,6.3489795,7.6989794,6.0089793,10.29898,11.34898,11.198979,12.648979,4.9889793,4.4789796,5.2989793,5.0389795,5.2189794,4.3489795,4.6689796,4.4389796,5.1489797,8.00898,6.4989796,3.9389794,3.3789794,4.1589794,5.6789794,2.5689795,3.5489795,2.2389796,2.3189795,2.6489794,3.0389795,1.7289795,2.3789794,2.5489795,3.4989796,2.7289796,2.7789795,2.6589794,2.7289796,2.2089796,2.8589795,2.8489795,1.7089795,1.3489795,1.1289794
8.59898,7.6489797,5.5989795,6.0989795,4.8589797,4.0489793,0.5889795,6.0189795,10.83898,1.9989794,1.5789795,3.4689796,4.7889795,5.0189795,5.6689796,7.0189795,5.9889793,6.2189794,6.2689795,9.46898,10.42898,11.198979,10.88898,10.08898,9.398979,11.45898,11.118979,9.268979,10.38898,9.438979,5.7989793,3.7589796,3.1689794,3.0389795,3.1589794,3.9989796,3.8689795,2.9989796,2.9489794,2.1289794,2.8089795,2.8789794,2.8289795,2.8489795,2.9889796,2.9389794,3.0989795,3.3889794,3.1989794,2.6089795,3.0089796,2.6389794,3.0489795,2.4489794,2.2889795,1.6989795,1.7889795
5.9789796,6.2389793,6.3789797,5.7589793,5.3689795,6.2289796,0.8089795,6.2389793,8.528979,5.5689793,8.37898,8.88898,5.6789794,9.868979,11.018979,5.6289797,5.5689793,5.6189795,7.4389796,11.20898,11.518979,10.778979,10.24898,7.4789796,3.9189794,4.0789795,4.7389793,4.3389797,3.5989795,4.2889795,3.5089796,3.2189796,2.5789795,3.0889795,3.9289794,3.6189795,3.1789794,2.6089795,2.2989795,2.6789794,3.2989795,2.4489794,2.7089796,2.9289794,3.0789795,2.8289795,2.4889796,2.4789796,3.1489794,3.0789795,3.0789795,2.2489796,2.3389795,2.6889794,2.6989794,1.7889795,2.7989795
7.5589795,7.7789793,6.5689793,6.4189796,6.0289793,5.8889794,6.2889795,7.3989797,8.92898,10.25898,10.79898,10.3289795,4.7389793,4.6889796,5.2589793,5.3989797,5.2089796,7.8689795,9.308979,9.33898,7.7089796,9.37898,8.608979,9.908979,9.608979,4.0289793,3.5489795,4.1289797,3.6789794,3.3689795,3.5189795,3.1989794,2.7589796,3.5289795,3.8489795,2.9689796,2.8989794,3.5689795,2.8489795,2.8089795,2.7589796,2.1989794,2.5089796,2.3389795,2.2889795,2.6889794,2.2389796,2.4789796,2.2589796,2.0189795,3.4789796,3.2189796,3.3989794,2.5789795,2.2589796,1.9789795,1.4889795
6.7189794,7.1589794,8.198979,6.5889797,6.3189793,6.3189793,6.2089796,6.8989797,8.688979,6.3889794,4.4889793,7.5089793,8.13898,3.6989794,6.0689793,4.4889793,4.1889796,5.3089795,7.5389795,7.9589796,8.908979,7.8589797,5.0989795,5.5489793,3.1089795,2.3689795,3.5589795,3.1989794,3.1889794,2.2489796,2.8589795,2.1989794,3.3289795,3.0889795,3.2889795,3.3589795,2.6189795,2.8589795,2.6689794,2.5689795,2.5089796,2.3789794,2.6089795,3.3989794,2.0489795,1.9289795,1.9389795,3.0689795,2.7689795,3.1789794,2.9989796,1.9989794,2.0189795,1.7889795,1.6489795,1.7589794,0.97897947
7.0689793,7.5589795,7.7089796,7.2489796,7.2889795,7.2789793,7.9289794,7.6889796,6.8089795,4.4589796,4.4389796,6.9989796,5.5789795,4.0989795,4.3389797,6.4689794,7.9789796,7.2889795,7.9489794,7.5689793,6.6089797,4.7789793,3.9589796,3.8389795,3.5089796,3.4989796,2.3589795,1.7789795,1.9989794,2.4489794,3.0689795,2.2189796,2.2489796,2.2289796,2.8889794,2.9889796,2.4289794,2.1189795,2.1789794,2.2789795,2.1089795,1.8689795,1.9889795,1.9489795,2.2689795,1.9889795,1.7389795,2.1689794,1.8289795,1.6889795,1.6589795,1.6089795,1.5989795,1.1889795,1.4089795,1.1689795,0.7889795
7.6589794,5.7989793,7.0389795,7.4589796,7.4589796,8.88898,8.08898,6.9489794,6.7689795,3.6489794,4.4189796,6.1489797,5.3389797,5.5889797,6.1989794,5.7789793,5.3889794,4.9689794,3.5589795,3.2189796,4.5889797,3.7489796,3.1489794,2.9789796,1.6389794,1.9789795,1.3689795,2.3789794,2.7789795,2.9589796,1.9789795,2.7589796,2.1289794,1.9889795,2.0389795,2.0989795,2.3389795,2.0789795,2.3789794,2.4089794,1.7089795,1.3189795,1.1789795,0.9889795,1.1989795,1.4689795,1.2689795,0.8189795,1.5189795,2.1289794,0.60897946,0.6889795,0.6889795,1.0189795,0.6389795,0.8189795,0.10897949
4.4789796,5.4989796,7.4089794,7.6189795,6.9689794,6.0489793,5.5889797,6.0489793,5.2989793,2.4689796,1.2889795,2.5089796,2.1089795,1.5889795,1.6289794,2.5289795,1.9989794,1.0689795,1.2689795,1.2689795,2.3689795,2.4289794,1.2689795,1.6289794,1.4189795,1.1689795,1.0789795,2.7889795,2.3489795,1.3689795,2.1889794,2.0889795,1.9589795,2.5189795,1.9589795,1.9889795,2.2489796,1.7989795,2.0989795,1.6589795,1.6789795,0.9389795,0.5589795,0.9989795,0.3889795,0.72897947,0.5889795,1.0289795,0.91897947,1.8289795,0.7989795,0.6989795,0.4289795,-0.38102052,-0.8610205,0.4589795,0.14897949
2.0289795,3.2789795,4.9289794,5.2289796,4.6089797,3.4389794,0.8989795,0.3289795,1.1989795,1.2589794,0.6189795,0.9589795,1.6989795,0.9689795,1.2589794,1.5589795,1.0289795,1.3689795,1.2389795,0.8489795,1.1789795,1.6089795,1.1389794,1.5789795,1.0989795,1.6189795,1.5089794,1.3889794,1.5989795,1.3489795,2.0189795,1.7489794,2.8489795,2.2689795,1.6989795,2.0789795,1.4489795,1.0889795,0.85897946,0.8489795,0.7189795,1.1789795,0.6289795,0.30897948,-0.021020507,-0.021020507,-0.111020505,0.068979494,0.6989795,0.9289795,0.3289795,0.4589795,-0.031020507,-0.111020505,-0.3310205,-1.0810205,0.4789795
3.1089795,1.4789795,3.0289795,4.1589794,1.3189795,-1.0610205,-0.8610205,-0.3310205,-1.3810205,-1.3510205,-0.7110205,-0.6010205,-0.5910205,-1.6710205,-0.3310205,0.6889795,1.2589794,0.8789795,0.5789795,0.7089795,1.8089795,1.7189795,1.7589794,1.7089795,1.0389795,1.6889795,0.9489795,1.0089794,0.8989795,1.3689795,1.1789795,1.7289795,1.3589795,1.6689795,1.6189795,0.91897947,0.10897949,0.6889795,0.39897949,0.9389795,0.9689795,0.7789795,0.5689795,-0.28102052,-0.5610205,-0.1310205,0.60897946,0.18897949,-0.44102052,0.30897948,0.10897949,0.4289795,-0.38102052,-0.7210205,-0.7210205,-0.7510205,-1.3510205
1.9689795,2.7789795,1.3289795,0.5589795,-1.4910206,-2.4810205,-2.3510206,-0.9710205,-1.0210205,-0.6310205,-0.89102054,-0.6110205,0.33897948,-0.9510205,-1.3110205,1.0989795,0.3489795,-0.6110205,-0.5910205,0.9889795,1.1789795,0.9089795,0.5689795,1.7489794,1.0289795,1.2089795,1.1389794,0.3889795,1.0489795,1.3789794,1.1989795,1.1789795,1.6289794,1.2489794,0.30897948,0.1989795,0.11897949,-0.3310205,-0.3710205,0.7189795,0.66897947,0.9489795,-0.18102051,-0.23102051,0.098979495,-0.44102052,-0.4510205,-0.15102051,-0.52102053,-0.1410205,-0.17102051,-0.35102051,-0.5710205,-0.3610205,-0.7610205,-0.8710205,-0.9010205
2.8789794,0.7589795,1.1989795,-0.47102052,-1.3610206,-1.0210205,-1.2110205,-0.9310205,-1.0010206,-1.8410205,-1.9010205,-1.3310205,-1.2210205,-1.1910205,-0.8810205,-0.64102054,-2.0610206,-0.8810205,3.3789794,1.5589795,0.33897948,-0.7510205,1.0089794,-0.2710205,0.6389795,-0.25102052,0.72897947,0.6789795,0.7689795,0.4289795,0.8989795,1.2589794,0.4389795,0.12897949,0.028979491,0.008979492,-0.021020507,-0.2710205,-0.7210205,-0.07102051,0.4089795,0.5689795,0.3589795,-0.111020505,-0.10102051,0.1689795,-0.20102051,0.11897949,0.5889795,0.018979492,0.018979492,-0.011020508,0.3489795,0.038979493,-0.52102053,-1.1510205,-0.5910205
1.5589795,1.1689795,-0.2410205,-1.4310205,-0.3410205,-1.0210205,-0.5310205,-0.15102051,0.46897948,-0.8210205,-1.5110205,-1.1010205,-0.3210205,-1.0210205,-0.8110205,-3.5310204,-2.6710205,-1.9110205,-0.8210205,-0.6810205,0.8389795,0.7389795,-1.2410206,0.028979491,1.5089794,-1.3310205,-1.6510205,-0.8710205,0.14897949,0.068979494,-0.28102052,-0.18102051,0.5089795,0.7389795,1.1189795,0.07897949,0.4389795,0.8089795,-0.8410205,-0.9110205,-0.1610205,0.23897949,0.7389795,0.6989795,0.6589795,-0.2210205,1.0889795,1.7789795,1.8689795,1.3889794,0.8489795,1.7289795,2.4889796,1.3989795,0.2589795,0.5489795,-0.7110205
3.3689795,2.1389794,1.3189795,-0.8610205,-0.6310205,-1.3210205,-0.8610205,1.1389794,-1.2410206,-0.3710205,-0.5710205,-0.6910205,-0.9510205,-0.7610205,-0.89102054,-1.7210205,-1.0610205,-2.5510206,-3.0910206,-1.7110205,-0.021020507,-0.1310205,-1.6010205,-1.1710205,-1.1710205,1.2989795,-1.1110206,-1.5610205,-0.9010205,0.18897949,-0.12102051,-1.1010205,-0.5110205,0.2989795,-0.2210205,-0.3910205,-0.20102051,0.068979494,0.4889795,0.39897949,0.27897948,0.39897949,1.0389795,1.0389795,1.8589795,2.2689795,2.5289795,3.7289796,4.4489794,5.2889795,4.7489796,3.6189795,3.6289794,3.6289794,2.6489794,3.5489795,4.2389793
5.9289794,2.8489795,1.9189795,0.12897949,-1.2510206,-0.8110205,-1.1410205,0.72897947,0.04897949,-0.3210205,-0.9610205,-1.0010206,-0.04102051,0.3889795,0.7489795,0.9389795,-0.21102051,-0.89102054,-2.0010204,-2.4710205,-1.7110205,-1.7210205,-1.3610206,-0.111020505,-0.6910205,-1.2110205,1.3789794,-0.5910205,0.008979492,0.8789795,-0.2610205,-0.07102051,-0.9810205,-0.7010205,-1.1410205,-0.17102051,-1.3010205,-0.8210205,-1.4310205,0.5389795,0.8189795,2.0689795,2.5789795,3.0189795,3.8389795,2.8889794,2.4489794,2.0289795,2.6589794,4.1489797,4.1689796,3.8589795,3.8189795,3.9889796,4.4889793,5.3889794,4.7389793
3.3889794,1.0689795,1.4389795,2.9589796,-0.17102051,-2.4510205,0.17897949,-1.1910205,-0.3610205,-0.2610205,-0.10102051,0.6789795,0.30897948,0.028979491,1.0789795,-0.5110205,-0.5910205,-1.5310205,-2.5410204,-1.9010205,-2.3210206,-1.6810205,-1.0610205,-1.2110205,-0.52102053,-0.4810205,-0.7010205,0.60897946,0.4589795,0.5689795,0.66897947,-1.9410205,-2.4610205,-3.2710204,-1.1810205,-2.2410204,-3.5510206,-3.8710206,-3.1310205,-2.0310204,-1.2110205,-0.3910205,1.4689795,2.3789794,2.6889794,3.7489796,4.2289796,5.3289795,4.6889796,7.0489793,7.6889796,8.42898,7.3589797,6.0789795,5.1289797,5.0289793,6.1689796
2.7689795,0.6189795,-0.5610205,0.91897947,-0.06102051,-0.25102052,-0.09102051,-1.4310205,-0.7310205,-1.8510205,-0.7110205,-0.7310205,-1.8310205,-1.0910205,0.17897949,-1.1710205,-0.7610205,-1.3310205,-1.5710205,-1.7710205,-2.1610205,-1.6210206,-1.5810205,0.5689795,0.4889795,0.27897948,0.6789795,0.66897947,0.4389795,1.6289794,0.3589795,-1.5210205,-2.8010206,-3.3010206,-1.3910205,0.9389795,-2.5810206,-6.3310204,-1.4610205,-2.7010205,-2.5610206,-1.7510206,-0.5910205,-0.0010205078,0.72897947,2.6189795,2.3589795,4.0289793,6.1289797,6.1989794,5.9089794,5.6589794,3.5789795,4.8189793,5.3489795,5.7089796,5.5389795
2.4889796,-2.1210206,-2.3710206,-2.3110206,2.1989794,1.1489795,1.0889795,-0.8610205,1.5089794,0.8789795,-0.7510205,-0.3110205,-0.06102051,-4.9910207,-2.7110205,0.4189795,-0.031020507,-0.6310205,0.5989795,-0.011020508,-0.06102051,-0.06102051,0.7789795,-1.5610205,-2.0510206,-1.1410205,-1.4410205,-1.0610205,0.9489795,0.5189795,-0.4210205,-0.2210205,-1.3910205,-3.4410205,-5.0510206,-4.7910204,-4.9710207,-5.2810206,-5.7510204,-5.1610203,-1.6510205,-0.3010205,-0.6110205,-0.9310205,1.2889795,2.6489794,3.9989796,3.9089794,8.068979,5.8689795,4.9889793,2.9189794,2.9889796,3.1089795,2.2589796,2.4889796,2.5589795
0.6989795,1.5489795,-1.2010205,-1.3810205,-3.8610206,-6.6710205,-7.5410204,-8.15102,-7.4310207,-7.6010203,-0.4510205,-0.3310205,-0.23102051,-1.8310205,-1.7910205,-3.1110206,-0.5910205,1.1189795,-1.1410205,-1.3410205,-0.8110205,-0.6110205,-1.0610205,-1.3110205,-0.20102051,-0.0010205078,-0.7610205,-0.5710205,-0.18102051,-0.7510205,-0.5610205,0.91897947,1.3389795,0.6289795,-0.89102054,-0.6210205,-2.9310205,-1.6010205,-0.6510205,-3.1810205,-10.03102,-4.1410203,-1.1810205,-3.0510206,-0.4010205,0.7589795,0.66897947,1.0689795,6.3589797,3.8989794,3.6289794,2.9289794,1.2189795,0.36897948,1.2189795,-0.2710205,0.5989795
0.3489795,-0.6010205,-1.3710206,-0.5310205,-3.0410204,-4.8410206,-5.6910205,-3.7310205,1.8189795,-3.1810205,-2.6210206,-1.7810205,0.4489795,-1.5710205,-0.7810205,-0.7510205,-2.8010206,-2.1210206,-0.06102051,1.0789795,-2.8910205,1.1889795,-0.8010205,0.39897949,-0.12102051,1.1289794,-1.1510205,-2.1710205,0.5589795,-2.1310205,-1.0710205,0.04897949,2.1089795,3.2789795,5.7589793,2.2589796,4.0389795,0.7689795,0.46897948,2.3489795,4.1889796,1.2989795,-2.4010205,-0.3110205,1.8989795,1.7889795,-2.1410205,-0.2410205,1.0289795,1.0089794,-0.04102051,-0.2410205,-0.3210205,-0.4810205,-1.6810205,-1.0310205,-0.8010205
-3.8910205,-2.9810205,-5.9310207,-6.1510205,-6.0210204,-6.4910207,-6.2110205,-5.0510206,-8.16102,-3.3110206,-2.1610205,-4.8910203,-4.9410205,-3.7910204,-3.5910206,-1.2110205,-2.1910205,-0.5410205,-1.8310205,0.3489795,-0.8810205,-1.9410205,0.4289795,0.6789795,-0.5310205,-0.5310205,-0.6310205,-4.5010204,-3.1910205,-2.7910204,-1.0910205,-0.4810205,0.72897947,1.6089795,1.1389794,1.4889795,2.5289795,2.1189795,4.4689794,2.7289796,3.5789795,0.5889795,-0.2210205,0.4789795,-0.7510205,0.5689795,3.7489796,-2.1510205,-1.2310205,2.5089796,-0.9610205,-3.4610205,-4.8710203,-3.1310205,-2.9910204,-4.1610203,-1.8110205
-2.7210205,-3.9610205,-4.9610205,-3.9410205,-2.8710206,-6.1810207,-4.4810205,-1.3910205,0.9689795,-0.38102052,-0.6710205,-2.4610205,-2.5510206,-3.9710205,-4.9910207,-1.0110205,-2.2710204,-2.6810205,-0.031020507,1.6289794,-0.10102051,-2.1510205,-0.8010205,-1.3210205,-0.06102051,-7.5710206,-7.4610205,-2.5710206,-2.7010205,-1.4810205,1.0189795,0.1389795,0.038979493,1.6089795,1.9989794,3.7489796,4.7989793,1.1489795,1.5289795,2.6389794,1.0189795,1.5789795,2.8589795,-0.6610205,1.4389795,-1.8010205,0.9489795,0.7189795,-3.1210206,-6.1810207,-3.4710205,-4.8510203,-5.8010206,-2.7610204,-6.2510204,-5.1710205,-4.3210206
-0.4210205,-2.6110206,-1.1010205,-5.2410207,-5.1510205,-3.8010206,-1.5410205,-2.3110206,-3.7710204,-3.5810206,-4.3110204,-1.3810205,-0.28102052,-0.6910205,-5.0610204,-7.9410205,-7.4610205,-0.8610205,-0.9710205,1.4889795,2.7289796,-0.5510205,-0.20102051,-1.6810205,-3.0410204,-5.3110204,-3.2810204,-4.6310205,-1.8110205,-0.8010205,-0.3610205,0.068979494,-1.1610205,0.6189795,0.7589795,1.6889795,1.7689795,4.8789797,2.6089795,2.5989795,-0.7910205,-0.20102051,0.4389795,1.9689795,-0.8610205,1.6289794,-3.5710206,0.9989795,0.85897946,1.9989794,-1.9910206,-5.8610206,-7.3810205,-3.7810204,-6.0610204,-4.9210205,-5.3910203
